1 0 0
0 -1 0
-300 200 -519.615
0 0 0
600 400

1 0 0
0 -1 0
-300 200 -519.615
0 0 256
600 400

1 0 0
0 -1 0
-300 200 -2387.62
0 0 256
600 400

0.587785 0 0.809017
0 -1 0
256.764 200 -557.371
-282.111 0 -23.8894
600 400

-0.587976 0.0126472 0.808781
-0.240382 -0.957438 -0.159784
829.82 -38.3252 232.941
-379.495 97.9636 -371.596
600 400

-0.999705 -0.00194121 -0.0243132
0.00453032 -0.994261 -0.10689
280.221 115.593 807.742
25.1018 58.6889 -754.747
600 400

-0.352276 0.0984533 -0.930709
-0.376522 -0.925336 0.04463
-490.576 442.517 554.834
422.298 -138.02 -284.835
600 400

0.528727 -0.0501125 -0.847318
0.376544 -0.880807 0.287057
-830.156 -177.83 -153.438
379.016 187.91 50.1917
600 400

